0
0.00138812
2.35E-07
1.97E-07
9.88E-08
7.51E-08
7.32E-08
4.56E-08
2.17E-08
1.15E-08
8.59E-09
5.80E-09
3.87E-09
2.46E-09
1.66E-09
1.23E-09
9.73E-10
8.49E-10
7.92E-10
6.35E-10
5.33E-10
4.76E-10
4.65E-10
3.92E-10
4.21E-10
3.99E-10
3.31E-10
2.66E-10
2.26E-10
2.09E-10
1.86E-10
1.84E-10
1.94E-10
1.67E-10
1.68E-10
1.66E-10
1.63E-10
1.54E-10
1.47E-10
1.54E-10
1.65E-10
1.42E-10
1.37E-10
1.47E-10
1.30E-10
1.14E-10
1.23E-10
1.16E-10
1.14E-10
1.25E-10
1.17E-10
1.06E-10
1.03E-10
1.03E-10
9.61E-11
8.48E-11
7.87E-11
7.97E-11
7.45E-11
6.95E-11
6.53E-11
5.89E-11
4.81E-11
5.51E-11
6.62E-11
5.59E-11
5.67E-11
5.07E-11
4.94E-11
5.09E-11
4.75E-11
4.12E-11
4.22E-11
4.42E-11
4.07E-11
4.34E-11
4.86E-10
1.09E-09
6.07E-10
3.65E-11
3.97E-11
4.06E-11
3.91E-11
3.91E-11
3.51E-11
2.89E-11
2.90E-11
3.05E-11
2.92E-11
2.67E-11
2.67E-11
2.83E-11
3.08E-11
3.15E-11
2.74E-11
2.92E-11
3.35E-11
2.98E-11
2.79E-11
2.92E-11
2.85E-11
2.72E-11
2.66E-11
3.04E-11
2.62E-11
2.61E-11
2.46E-11
2.38E-11
2.44E-11
2.10E-11
1.92E-11
1.98E-11
1.96E-11
2.05E-11
2.11E-11
1.98E-11
1.99E-11
1.69E-11
1.76E-11
3.25E-11
5.30E-11
2.93E-11
1.56E-11
1.47E-11
1.40E-11
1.16E-11
1.54E-11
1.66E-11
1.74E-11
1.68E-11
1.50E-11
1.54E-11
1.55E-11
1.42E-11
1.57E-11
1.60E-11
1.45E-11
1.36E-11
1.31E-11
1.18E-11
1.12E-11
1.11E-11
1.32E-11
1.14E-11
1.22E-11
1.28E-11
1.38E-11
1.28E-11
1.13E-11
1.28E-11
1.46E-11
1.45E-11
1.42E-11
1.50E-11
2.11E-11
1.95E-11
1.67E-11
1.53E-11
1.43E-11
2.17E-11
3.46E-11
1.92E-11
1.27E-11
1.18E-11
1.18E-11
1.15E-11
1.17E-11
1.08E-11
1.15E-11
1.18E-11
1.12E-11
1.24E-11
1.15E-11
1.09E-11
1.19E-11
1.22E-11
1.10E-11
1.07E-11
1.06E-11
1.34E-11
1.10E-11
1.11E-11
1.19E-11
1.19E-11
1.18E-11
1.16E-11
1.16E-11
1.09E-11
1.17E-11
1.16E-11
1.13E-11
1.13E-11
1.15E-11
1.04E-11
9.06E-12
8.95E-12
9.54E-12
9.24E-12
9.34E-12
9.29E-12
9.70E-12
8.96E-12
7.76E-12
9.14E-12
8.81E-12
6.79E-12
7.72E-12
8.01E-12
9.00E-12
1.21E-11
1.02E-11
8.27E-12
7.17E-12
6.94E-12
7.95E-12
6.91E-12
6.22E-12
5.99E-12
6.04E-12
6.71E-12
7.36E-12
6.15E-12
6.39E-12
5.96E-12
5.81E-12
5.68E-12
5.04E-12
4.60E-12
4.94E-12
5.10E-12
1.54E-11
4.42E-11
3.25E-11
6.33E-12
6.31E-12
6.15E-12
5.37E-12
5.90E-12
5.87E-12
5.37E-12
5.48E-12
4.21E-12
3.86E-12
3.59E-12
4.05E-12
4.72E-12
4.93E-12
4.52E-12
4.30E-12
4.23E-12
3.71E-12
4.28E-12
4.18E-12
4.77E-12
4.61E-12
3.97E-12
3.82E-12
4.26E-12
4.73E-12
4.25E-12
4.02E-12
4.50E-12
4.25E-12
4.82E-12
4.83E-12
4.09E-12
3.87E-12
4.30E-12
3.79E-12
3.33E-12
3.49E-12
3.57E-12
3.64E-12
3.69E-12
3.45E-12
3.41E-12
4.44E-12
5.08E-12
3.96E-12
4.05E-12
3.86E-12
3.53E-12
3.66E-12
3.76E-12
3.68E-12
3.36E-12
2.94E-12
2.94E-12
3.11E-12
2.65E-12
2.81E-12
3.00E-12
3.31E-12
6.21E-12
8.17E-12
5.53E-12
3.50E-12
2.95E-12
2.68E-12
2.77E-12
3.02E-12
3.14E-12
3.18E-12
3.23E-12
2.81E-12
2.67E-12
2.75E-12
2.64E-12
3.58E-12
3.43E-12
2.83E-12
2.96E-12
2.72E-12
2.85E-12
2.67E-12
2.86E-12
2.85E-12
2.76E-12
2.94E-12
3.36E-12
3.72E-12
2.28E-12
2.17E-12
2.61E-12
2.89E-12
2.87E-12
2.32E-12
2.89E-12
2.78E-12
2.49E-12
2.12E-12
2.37E-12
2.12E-12
2.17E-12
1.96E-12
2.01E-12
2.13E-12
2.20E-12
2.31E-12
2.67E-12
2.49E-12
2.30E-12
2.17E-12
2.20E-12
2.03E-12
2.42E-12
2.32E-12
2.10E-12
2.15E-12
2.07E-12
2.05E-12
2.34E-12
2.21E-12
2.61E-12
2.44E-12
2.34E-12
2.01E-12
1.79E-12
2.12E-12
1.96E-12
1.94E-12
2.34E-12
2.92E-12
2.82E-12
2.54E-12
2.44E-12
2.31E-12
2.47E-12
2.14E-12
1.97E-12
2.05E-12
2.25E-12
2.14E-12
2.15E-12
2.11E-12
2.30E-12
2.78E-12
2.83E-12
2.94E-12
2.73E-12
2.16E-12
2.04E-12
2.53E-12
2.85E-12
2.48E-12
2.34E-12
2.35E-12
1.93E-12
2.15E-12
1.88E-12
1.74E-12
2.01E-12
2.31E-12
2.55E-12
3.08E-12
3.16E-12
2.43E-12
2.36E-12
2.30E-12
2.02E-12
2.06E-12
2.24E-12
2.45E-12
2.46E-12
2.13E-12
1.93E-12
1.72E-12
1.54E-12
1.70E-12
1.93E-12
1.74E-12
1.81E-12
1.85E-12
1.86E-12
1.95E-12
1.83E-12
1.64E-12
1.77E-12
2.00E-12
1.96E-12
1.64E-12
2.38E-12
2.78E-12
1.90E-12
1.57E-12
1.85E-12
1.79E-12
1.98E-12
2.32E-12
2.26E-12
1.97E-12
1.57E-12
1.74E-12
1.75E-12
1.51E-12
1.84E-12
2.14E-12
1.72E-12
1.67E-12
1.81E-12
1.71E-12
1.40E-12
1.50E-12
1.69E-12
2.03E-12
2.06E-12
1.86E-12
1.86E-12
2.31E-12
3.49E-12
4.04E-12
4.23E-12
4.21E-12
3.68E-12
2.86E-12
2.09E-12
1.61E-12
1.41E-12
1.54E-12
1.71E-12
1.49E-12
1.53E-12
1.73E-12
1.83E-12
2.01E-12
2.40E-12
2.34E-12
1.84E-12
1.86E-12
1.91E-12
1.98E-12
3.12E-12
2.69E-12
2.17E-12
2.76E-12
3.62E-12
2.99E-12
1.97E-12
2.01E-12
1.64E-12
1.91E-12
2.09E-12
1.76E-12
1.72E-12
1.83E-12
1.80E-12
1.82E-12
1.88E-12
1.73E-12
1.44E-12
1.42E-12
1.37E-12
1.36E-12
1.39E-12
1.19E-12
1.27E-12
1.56E-12
1.63E-12
1.84E-12
1.95E-12
1.77E-12
1.63E-12
1.90E-12
1.87E-12
2.00E-12
2.00E-12
1.69E-12
1.51E-12
1.65E-12
1.71E-12
1.75E-12
1.48E-12
1.71E-12
2.13E-12
2.45E-12
2.60E-12
2.28E-12
2.15E-12
2.14E-12
1.75E-12
1.91E-12
2.00E-12
1.55E-12
1.57E-12
1.56E-12
1.50E-12
1.35E-12
1.50E-12
1.28E-12
1.22E-12
1.46E-12
2.29E-12
2.04E-12
1.76E-12
1.46E-12
1.17E-12
1.25E-12
1.35E-12
1.42E-12
1.61E-12
1.67E-12
1.22E-12
1.52E-12
1.28E-12
1.04E-12
1.17E-12
1.18E-12
1.48E-12
1.53E-12
1.37E-12
1.48E-12
1.35E-12
1.13E-12
1.20E-12
1.11E-12
1.03E-12
1.32E-12
1.37E-12
1.21E-12
1.31E-12
1.38E-12
1.25E-12
1.23E-12
1.27E-12
1.34E-12
1.16E-12
1.16E-12
1.12E-12
1.18E-12
1.21E-12
1.24E-12
1.30E-12
1.29E-12
1.15E-12
1.01E-12
1.23E-12
1.53E-12
1.33E-12
1.06E-12
1.16E-12
1.32E-12
1.34E-12
1.13E-12
1.24E-12
1.26E-12
1.02E-12
9.04E-13
9.95E-13
1.23E-12
1.16E-12
1.13E-12
1.13E-12
1.05E-12
1.08E-12
1.26E-12
1.35E-12
1.22E-12
1.21E-12
1.09E-12
1.18E-12
1.11E-12
1.08E-12
1.18E-12
1.13E-12
1.09E-12
9.62E-13
9.43E-13
1.04E-12
1.16E-12
1.02E-12
1.03E-12
1.29E-12
1.42E-12
1.31E-12
1.27E-12
1.29E-12
1.31E-12
1.21E-12
1.18E-12
1.09E-12
8.43E-13
8.78E-13
1.10E-12
1.13E-12
1.74E-12
2.48E-12
3.14E-12
3.13E-12
2.49E-12
1.71E-12
1.35E-12
1.48E-12
1.64E-12
1.55E-12
1.56E-12
1.65E-12
1.53E-12
1.51E-12
1.53E-12
1.88E-12
1.98E-12
1.52E-12
1.43E-12
1.39E-12
1.33E-12
1.27E-12
1.44E-12
1.34E-12
1.42E-12
1.81E-12
2.12E-12
2.09E-12
2.08E-12
2.32E-12
3.57E-12
3.21E-12
1.94E-12
1.60E-12
1.76E-12
1.79E-12
1.89E-12
2.10E-12
2.25E-12
2.37E-12
2.21E-12
2.46E-12
2.41E-12
1.96E-12
1.86E-12
1.75E-12
1.90E-12
2.09E-12
1.87E-12
1.95E-12
1.96E-12
1.63E-12
1.67E-12
1.72E-12
1.94E-12
1.88E-12
1.61E-12
1.38E-12
1.30E-12
1.50E-12
1.54E-12
1.61E-12
1.90E-12
2.01E-12
2.31E-12
4.04E-12
1.57E-11
1.75E-11
5.80E-12
2.18E-12
1.53E-12
1.29E-12
1.49E-12
1.54E-12
1.20E-12
1.04E-12
1.25E-12
1.31E-12
2.28E-12
2.88E-12
2.68E-12
2.40E-12
5.18E-12
6.94E-12
5.98E-12
3.68E-12
1.59E-12
1.06E-12
1.01E-12
1.10E-12
1.00E-12
9.77E-13
1.07E-12
1.06E-12
8.28E-13
9.68E-13
9.67E-13
1.04E-12
1.03E-12
1.02E-12
1.09E-12
1.10E-12
1.12E-12
1.23E-12
1.24E-12
1.29E-12
1.31E-12
1.23E-12
1.56E-12
1.70E-12
1.60E-12
1.40E-12
1.29E-12
1.34E-12
1.44E-12
1.41E-12
1.31E-12
1.27E-12
1.38E-12
1.47E-12
1.65E-12
1.61E-12
1.71E-12
1.83E-12
2.06E-12
2.06E-12
1.95E-12
2.05E-12
1.81E-12
1.66E-12
1.37E-12
1.42E-12
1.68E-12
1.72E-12
1.55E-12
1.61E-12
1.75E-12
1.61E-12
1.54E-12
1.64E-12
1.41E-12
1.33E-12
1.30E-12
1.27E-12
1.18E-12
1.22E-12
1.27E-12
1.19E-12
1.25E-12
1.18E-12
1.01E-12
1.04E-12
1.16E-12
1.17E-12
1.02E-12
9.06E-13
8.21E-13
7.85E-13
8.13E-13
9.08E-13
9.12E-13
8.73E-13
9.25E-13
9.28E-13
8.81E-13
8.64E-13
1.05E-12
1.14E-12
9.30E-13
8.05E-13
7.72E-13
7.97E-13
1.01E-12
1.03E-12
1.06E-12
1.26E-12
1.36E-12
1.16E-12
1.27E-12
1.26E-12
1.11E-12
9.54E-13
1.09E-12
1.16E-12
1.16E-12
1.18E-12
1.35E-12
1.39E-12
1.28E-12
1.21E-12
1.13E-12
1.12E-12
1.27E-12
2.27E-12
3.21E-12
2.07E-12
1.05E-12
9.57E-13
1.07E-12
1.13E-12
9.77E-13
1.01E-12
1.01E-12
9.43E-13
8.63E-13
8.85E-13
8.91E-13
8.35E-13
8.29E-13
8.77E-13
7.33E-13
8.48E-13
8.84E-13
8.85E-13
7.85E-13
8.01E-13
8.64E-13
8.04E-13
8.20E-13
8.32E-13
7.60E-13
9.09E-13
8.34E-13
8.35E-13
9.34E-13
9.79E-13
8.47E-13
8.37E-13
9.24E-13
8.93E-13
8.81E-13
8.69E-13
8.85E-13
9.34E-13
9.14E-13
8.21E-13
8.71E-13
9.34E-13
8.60E-13
8.99E-13
9.93E-13
8.13E-13
7.61E-13
8.78E-13
9.60E-13
8.54E-13
8.95E-13
8.76E-13
8.93E-13
8.91E-13
8.73E-13
9.52E-13
9.72E-13
9.55E-13
8.24E-13
8.18E-13
7.03E-13
7.61E-13
8.08E-13
8.50E-13
9.20E-13
9.19E-13
1.39E-12
1.65E-12
1.38E-12
1.21E-12
1.09E-12
1.00E-12
8.14E-13
7.85E-13
8.28E-13
8.16E-13
8.52E-13
7.47E-13
7.57E-13
9.37E-13
1.00E-12
1.01E-12
1.03E-12
9.50E-13
8.64E-13
8.47E-13
9.04E-13
1.15E-12
1.23E-12
1.15E-12
1.06E-12
9.99E-13
9.00E-13
9.45E-13
1.01E-12
8.94E-13
7.91E-13
9.10E-13
9.43E-13
8.84E-13
1.13E-12
1.75E-12
2.00E-12
1.38E-12
1.32E-12
1.70E-12
1.18E-12
9.21E-13
1.05E-12
1.35E-12
1.37E-12
1.09E-12
1.24E-12
3.02E-12
4.00E-12
2.40E-12
1.62E-12
2.06E-12
1.65E-12
1.02E-12
8.34E-13
9.60E-13
9.85E-13
1.12E-12
1.02E-12
9.98E-13
9.41E-13
1.11E-12
9.63E-13
9.11E-13
1.80E-12
2.24E-12
1.29E-12
8.89E-13
7.73E-13
8.32E-13
9.72E-13
1.94E-12
2.19E-11
6.50E-11
6.76E-11
2.71E-11
4.81E-12
1.01E-12
8.64E-13
8.34E-13
7.32E-13
7.89E-13
7.53E-13
8.13E-13
8.68E-13
7.88E-13
7.74E-13
7.97E-13
8.91E-13
9.05E-13
8.56E-13
8.50E-13
7.58E-13
7.57E-13
8.13E-13
9.78E-13
9.34E-13
7.39E-13
7.79E-13
8.23E-13
7.07E-13
7.31E-13
8.58E-13
9.10E-13
8.05E-13
8.34E-13
8.65E-13
7.84E-13
7.29E-13
7.59E-13
8.63E-13
8.55E-13
8.27E-13
8.32E-13
8.16E-13
7.90E-13
7.77E-13
8.70E-13
8.01E-13
8.01E-13
8.56E-13
9.10E-13
7.73E-13
7.66E-13
8.61E-13
8.12E-13
8.46E-13
8.44E-13
7.86E-13
7.73E-13
1.15E-12
1.28E-12
8.87E-13
8.22E-13
8.66E-13
7.66E-13
8.23E-13
9.52E-13
9.02E-13
8.52E-13
8.40E-13
9.36E-13
9.16E-13
7.86E-13
7.76E-13
8.28E-13
7.52E-13
8.21E-13
8.03E-13
7.42E-13
7.68E-13
7.80E-13
7.99E-13
9.44E-13
9.03E-13
8.94E-13
9.49E-13
9.03E-13
1.18E-12
1.44E-12
1.02E-12
8.46E-13
7.99E-13
9.22E-13
8.59E-13
9.09E-13
8.57E-13
7.30E-13
8.06E-13
8.71E-13
8.71E-13
8.83E-13
8.92E-13
9.31E-13
8.46E-13
9.58E-13
9.03E-13
8.99E-13
9.27E-13
8.97E-13
8.36E-13
8.45E-13
9.42E-13
8.54E-13
7.84E-13
9.00E-13
9.00E-13
8.86E-13
9.29E-13
8.61E-13
7.53E-13
8.12E-13
8.54E-13
7.46E-13
7.04E-13
7.56E-13
7.77E-13
7.92E-13
8.59E-13
8.45E-13
8.02E-13
8.65E-13
8.43E-13
7.74E-13
8.47E-13
9.05E-13
8.38E-13
7.64E-13
7.41E-13
7.55E-13
7.72E-13
7.24E-13
7.99E-13
8.15E-13
7.91E-13
7.51E-13
8.92E-13
8.74E-13
8.26E-13
8.18E-13
7.93E-13
8.57E-13
8.59E-13
8.48E-13
7.47E-13
7.88E-13
1.02E-12
1.04E-12
8.57E-13
7.86E-13
8.09E-13
9.95E-13
9.16E-13
8.84E-13
8.69E-13
9.16E-13
8.22E-13
8.16E-13
9.28E-13
9.71E-13
1.07E-12
1.07E-12
1.16E-12
9.49E-13
9.26E-13
8.90E-13
9.09E-13
8.69E-13
8.36E-13
8.59E-13
8.63E-13
8.79E-13
8.76E-13
9.10E-13
7.74E-13
7.92E-13
7.86E-13
7.82E-13
8.11E-13
7.78E-13
7.70E-13
7.58E-13
8.16E-13
9.20E-13
8.97E-13
8.46E-13
8.45E-13
8.38E-13
7.85E-13
7.45E-13
8.42E-13
7.91E-13
8.30E-13
8.36E-13
8.05E-13
1.54E-12
2.31E-12
1.53E-12
9.56E-13
9.33E-13
9.36E-13
8.51E-13
7.99E-13
8.65E-13
1.94E-12
2.91E-12
2.82E-12
2.73E-12
2.23E-12
1.32E-12
9.90E-13
1.47E-12
1.82E-12
1.82E-12
1.63E-12
1.45E-12
1.13E-12
8.39E-13
8.59E-13
9.68E-13
9.00E-13
8.10E-13
8.28E-13
9.32E-13
8.75E-13
8.51E-13
8.88E-13
8.95E-13
8.93E-13
9.33E-13
9.80E-13
9.62E-13
8.80E-13
8.75E-13
9.03E-13
8.33E-13
7.93E-13
7.94E-13
7.91E-13
8.63E-13
9.00E-13
8.44E-13
7.33E-13
8.83E-13
9.84E-13
8.32E-13
7.23E-13
7.44E-13
7.76E-13
8.11E-13
7.60E-13
7.66E-13
8.57E-13
7.49E-13
7.17E-13
7.59E-13
8.19E-13
8.09E-13
8.13E-13
8.12E-13
8.71E-13
8.00E-13
6.78E-13
7.87E-13
7.27E-13
8.05E-13
7.79E-13
7.62E-13
7.59E-13
6.93E-13
7.49E-13
7.77E-13
8.29E-13
8.50E-13
8.37E-13
8.71E-13
9.00E-13
8.75E-13
7.50E-13
7.49E-13
8.05E-13
8.34E-13
7.69E-13
7.13E-13
8.38E-13
8.35E-13
7.90E-13
7.84E-13
7.34E-13
7.76E-13
7.93E-13
8.79E-13
8.42E-13
8.19E-13
8.63E-13
8.74E-13
8.40E-13
8.05E-13
8.94E-13
8.37E-13
9.35E-13
9.31E-13
9.16E-13
9.36E-13
9.03E-13
8.05E-13
7.17E-13
6.97E-13
8.80E-13
9.73E-13
9.40E-13
9.84E-13
8.54E-13
8.28E-13
7.74E-13
7.03E-13
8.04E-13
7.88E-13
7.52E-13
8.55E-13
8.71E-13
8.70E-13
8.66E-13
7.82E-13
6.97E-13
6.77E-13
7.25E-13
7.67E-13
8.92E-13
8.84E-13
8.37E-13
8.05E-13
8.00E-13
8.58E-13
8.78E-13
8.50E-13
8.40E-13
8.61E-13
8.18E-13
7.52E-13
8.69E-13
9.06E-13
9.57E-13
8.37E-13
7.58E-13
7.59E-13
9.05E-13
1.02E-12
9.81E-13
8.71E-13
8.21E-13
8.47E-13
9.21E-13
8.96E-13
8.77E-13
8.37E-13
8.73E-13
8.90E-13
7.94E-13
8.29E-13
9.84E-13
9.28E-13
9.18E-13
1.03E-12
9.73E-13
8.56E-13
8.47E-13
8.37E-13
8.28E-13
8.88E-13
9.50E-13
8.56E-13
8.84E-13
8.14E-13
7.85E-13
8.09E-13
8.27E-13
8.80E-13
7.88E-13
8.82E-13
9.63E-13
8.67E-13
8.07E-13
7.76E-13
7.87E-13
7.99E-13
7.62E-13
7.11E-13
7.38E-13
8.10E-13
8.71E-13
7.89E-13
7.64E-13
8.16E-13
9.14E-13
9.80E-13
9.74E-13
9.47E-13
9.28E-13
8.37E-13
7.50E-13
7.77E-13
8.58E-13
9.81E-13
1.01E-12
8.96E-13
8.05E-13
8.12E-13
8.76E-13
8.96E-13
8.63E-13
7.93E-13
8.05E-13
9.02E-13
1.02E-12
1.39E-12
1.16E-12
8.25E-13
7.80E-13
8.56E-13
8.73E-13
8.78E-13
8.64E-13
8.50E-13
7.75E-13
1.19E-12
3.18E-12
4.11E-12
2.32E-12
9.57E-13
8.68E-13
8.30E-13
8.52E-13
8.88E-13
9.12E-13
8.69E-13
7.93E-13
8.80E-13
9.51E-13
9.31E-13
8.81E-13
8.54E-13
8.59E-13
8.71E-13
9.74E-13
8.95E-13
9.39E-13
1.04E-12
1.01E-12
8.62E-13
1.02E-12
1.04E-12
1.04E-12
1.06E-12
9.29E-13
9.14E-13
9.73E-13
9.98E-13
1.24E-12
1.72E-12
2.60E-12
2.15E-12
1.35E-12
9.64E-13
8.91E-13
9.04E-13
9.75E-13
9.31E-13
8.57E-13
9.27E-13
9.83E-13
8.49E-13
7.92E-13
7.99E-13
7.98E-13
8.30E-13
8.28E-13
9.95E-13
1.02E-12
9.86E-13
9.70E-13
1.01E-12
1.01E-12
9.49E-13
9.19E-13
1.06E-12
1.12E-12
1.10E-12
9.61E-13
9.00E-13
1.04E-12
9.56E-13
8.72E-13
1.05E-12
1.06E-12
1.02E-12
1.08E-12
9.80E-13
9.02E-13
8.75E-13
9.24E-13
9.57E-13
1.05E-12
1.05E-12
8.65E-13
1.29E-12
2.05E-12
2.05E-12
1.47E-12
1.09E-12
9.54E-13
9.29E-13
9.88E-13
1.01E-12
1.01E-12
1.01E-12
9.48E-13
9.87E-13
9.51E-13
9.09E-13
9.25E-13
9.52E-13
9.35E-13
9.81E-13
1.05E-12
1.07E-12
1.07E-12
1.21E-12
1.22E-12
1.12E-12
1.08E-12
1.07E-12
1.03E-12
1.06E-12
1.07E-12
1.17E-12
1.26E-12
1.21E-12
1.09E-12
1.08E-12
9.43E-13
1.12E-12
1.16E-12
1.08E-12
9.16E-13
9.37E-13
9.65E-13
1.20E-12
1.22E-12
1.18E-12
1.13E-12
1.02E-12
1.00E-12
1.06E-12
1.11E-12
1.01E-12
1.06E-12
1.08E-12
9.69E-13
9.78E-13
9.42E-13
9.27E-13
1.06E-12
1.19E-12
1.10E-12
1.05E-12
1.09E-12
9.42E-13
1.01E-12
9.39E-13
1.06E-12
1.09E-12
1.09E-12
9.65E-13
1.04E-12
1.05E-12
1.12E-12
1.06E-12
1.11E-12
1.04E-12
9.60E-13
1.01E-12
9.88E-13
1.05E-12
1.04E-12
9.37E-13
9.15E-13
9.32E-13
1.05E-12
1.16E-12
1.12E-12
9.90E-13
9.94E-13
1.04E-12
1.07E-12
1.13E-12
1.23E-12
1.13E-12
1.11E-12
1.21E-12
1.72E-12
2.16E-12
1.44E-12
9.16E-13
1.07E-12
1.24E-12
1.19E-12
1.01E-12
9.41E-13
8.81E-13
8.73E-13
8.93E-13
9.90E-13
9.98E-13
1.04E-12
1.20E-12
1.18E-12
1.24E-12
1.15E-12
1.04E-12
9.67E-13
9.88E-13
9.93E-13
1.01E-12
1.09E-12
1.18E-12
1.30E-12
1.47E-12
1.56E-12
1.28E-12
1.21E-12
1.01E-12
1.14E-12
1.42E-12
1.66E-12
