0
2.95E-05
7.93E-07
2.29E-07
1.09E-07
8.47E-08
9.23E-08
1.22E-07
1.23E-07
1.29E-07
8.98E-08
6.42E-08
4.93E-08
5.26E-08
6.10E-08
5.65E-08
3.70E-08
2.97E-08
3.13E-08
2.41E-08
1.69E-08
1.25E-08
1.01E-08
8.25E-09
6.25E-09
6.69E-09
5.90E-09
5.24E-09
5.04E-09
5.56E-09
3.82E-09
2.61E-09
2.11E-09
2.37E-09
2.27E-09
1.96E-09
1.58E-09
1.21E-09
1.25E-09
1.72E-09
1.22E-09
1.21E-09
1.13E-09
1.19E-09
1.10E-09
1.12E-09
1.65E-09
1.57E-09
1.20E-09
1.00E-09
1.11E-09
1.16E-09
8.92E-10
9.74E-10
1.21E-09
1.12E-09
1.16E-09
8.61E-10
9.26E-10
8.48E-10
6.76E-10
5.41E-10
6.97E-10
5.03E-10
4.41E-10
4.44E-10
5.51E-10
4.60E-10
3.46E-10
4.09E-10
4.44E-10
4.34E-10
4.41E-10
4.87E-10
4.59E-10
2.73E-10
2.25E-10
3.33E-10
5.41E-10
3.19E-10
1.86E-10
1.68E-10
1.48E-10
1.88E-10
2.85E-10
3.00E-10
1.66E-10
1.70E-10
1.83E-10
1.87E-10
1.37E-10
3.00E-10
4.14E-10
3.54E-10
2.32E-10
2.41E-10
2.34E-10
2.08E-10
2.12E-10
1.57E-10
1.03E-10
7.77E-11
1.34E-10
2.06E-10
1.37E-10
1.09E-10
1.44E-10
1.46E-10
1.19E-10
9.65E-11
1.06E-10
1.03E-10
8.99E-11
9.24E-11
6.98E-11
6.50E-11
6.77E-11
6.82E-11
8.00E-11
6.43E-11
5.71E-11
7.22E-11
7.66E-11
6.62E-11
6.54E-11
5.80E-11
6.69E-11
7.36E-11
5.91E-11
1.00E-10
1.10E-10
6.79E-11
6.48E-11
6.83E-11
5.09E-11
4.80E-11
1.08E-10
4.27E-10
4.87E-10
2.28E-10
9.68E-11
6.38E-11
5.35E-11
4.97E-11
5.41E-11
4.74E-11
4.54E-11
5.09E-11
4.41E-11
4.23E-11
3.58E-11
2.71E-11
3.15E-11
3.01E-11
3.30E-11
4.08E-11
3.21E-11
3.41E-11
3.41E-11
3.43E-11
3.33E-11
2.65E-11
2.92E-11
4.09E-11
4.42E-11
5.81E-11
3.84E-11
3.81E-11
4.58E-11
3.37E-11
4.20E-11
4.75E-11
4.05E-11
3.47E-11
2.77E-11
2.85E-11
2.67E-11
2.82E-11
2.39E-11
2.83E-11
2.49E-11
2.85E-11
3.00E-11
2.30E-11
2.21E-11
2.38E-11
3.21E-11
3.41E-11
2.74E-11
2.52E-11
1.44E-10
2.58E-10
1.93E-10
8.88E-11
1.30E-10
9.61E-11
5.49E-11
2.77E-11
1.93E-11
2.67E-11
2.63E-11
2.32E-11
1.88E-11
2.60E-11
6.29E-11
5.83E-11
5.61E-11
5.10E-11
4.49E-11
5.77E-11
6.49E-11
4.22E-11
4.29E-11
2.75E-11
1.67E-11
1.61E-11
1.17E-11
1.60E-11
1.65E-11
1.37E-11
1.33E-11
1.58E-11
1.54E-11
1.65E-11
2.12E-11
2.48E-11
2.16E-11
2.07E-11
2.08E-11
1.69E-11
2.24E-11
2.34E-11
2.02E-11
2.62E-11
2.90E-11
2.99E-11
2.64E-11
2.38E-11
2.70E-11
2.73E-11
2.58E-11
1.82E-11
1.89E-11
2.08E-11
2.05E-11
1.99E-11
1.98E-11
1.67E-11
1.68E-11
1.86E-11
1.94E-11
1.36E-11
1.69E-11
1.67E-11
1.60E-11
1.55E-11
1.61E-11
1.51E-11
1.66E-11
1.34E-11
8.84E-12
7.28E-12
9.15E-12
1.30E-11
1.09E-11
1.53E-11
1.43E-11
1.29E-11
8.26E-12
9.05E-12
1.02E-11
9.79E-12
1.21E-11
1.09E-11
1.30E-11
1.17E-11
1.09E-11
1.04E-11
1.07E-11
1.14E-11
1.12E-11
8.28E-12
8.34E-12
9.46E-12
1.10E-11
8.65E-11
1.78E-10
1.15E-10
5.31E-11
1.24E-11
8.13E-12
1.04E-11
9.25E-12
9.42E-12
9.54E-12
7.34E-12
7.99E-12
9.00E-12
1.03E-11
1.30E-11
1.26E-11
1.05E-11
9.80E-12
1.18E-11
1.47E-11
1.17E-11
1.03E-11
1.00E-11
1.00E-11
1.13E-11
1.26E-11
1.12E-11
9.92E-12
1.07E-11
4.78E-12
8.65E-12
1.00E-11
8.79E-12
9.28E-12
8.99E-12
1.11E-11
1.11E-11
9.75E-12
9.59E-12
8.92E-12
9.08E-12
8.01E-12
8.60E-12
8.27E-12
8.52E-12
7.40E-12
6.83E-12
7.22E-12
7.30E-12
7.09E-12
6.72E-12
9.61E-12
9.95E-12
9.83E-12
8.50E-12
8.82E-12
7.51E-12
7.82E-12
8.44E-12
1.12E-11
9.74E-12
8.09E-12
6.71E-12
7.83E-12
4.87E-12
6.74E-12
7.37E-12
5.39E-12
5.15E-12
6.51E-12
5.18E-12
6.96E-12
9.54E-12
8.75E-12
6.56E-12
6.96E-12
4.98E-12
5.21E-12
4.92E-12
5.31E-12
6.86E-12
7.09E-12
4.69E-12
5.98E-12
6.51E-12
8.74E-12
1.56E-11
3.43E-11
2.87E-11
1.47E-11
9.50E-12
1.03E-11
9.83E-12
1.14E-11
1.07E-11
1.05E-11
1.25E-11
1.33E-11
1.52E-11
9.93E-12
1.08E-11
1.10E-11
1.13E-11
1.23E-11
1.17E-11
1.24E-11
8.61E-12
8.16E-12
8.51E-12
7.61E-12
8.96E-12
9.83E-12
9.97E-12
7.42E-12
2.04E-11
3.61E-11
